Plot_id,Forest_type,Tenure,C_Tree_total,Scale_factor,C_ha,Shannon_index,Simpson_index,wc2.0_bio_30s_01,wc2.0_bio_30s_12,wc2.0_bio_30s_13,wc2.0_bio_30s_14
1,Dipterocarpus_Forest,Protected_Area,6.144680496,0.04,153.6170124,1.48445753581749,0.710059171597633,24.1944090221266,791.918163830537,153.245835256489,1
2,Dipterocarpus_Forest,Protected_Area,6.682943041,0.04,167.073576025,1.86423693641647,0.81994459833795,24.2140991252752,791.157050908771,153.068413163739,1
3,Dipterocarpus_Forest,Protected_Area,3.381496255,0.04,84.537406375,1.75824285971655,0.802768166089965,24.2256263084734,790.842485013282,152.928708462242,1
4,Dipterocarpus_Forest,Protected_Area,4.541472943,0.04,113.536823575,1.721402322014,0.8125,24.3781957591814,783.967886778033,151.635334807321,1
5,Dipterocarpus_Forest,Protected_Area,7.049114602,0.04,176.22786505,1.73512645696292,0.814814814814815,24.5294113948361,777.612513999994,150.656755911205,1
6,Dipterocarpus_Forest,Protected_Area,11.98403559,0.04,299.60088975,1.20333204069947,0.602076124567474,24.488411643476,779.556012078655,151.056280399999,1
7,Dipterocarpus_Forest,Protected_Area,6.78709515,0.04,169.67737875,1.80901028426687,0.816608996539792,24.4243275401075,782.174520322721,151.482086096817,1
8,Dipterocarpus_Forest,Protected_Area,5.555278385,0.04,138.881959625,2.01016265863961,0.842105263157895,24.3268973433962,786.521421704002,152.321732991203,1
9,Dipterocarpus_Forest,Protected_Area,8.47372271,0.04,211.84306775,1.77823098169248,0.809688581314879,24.4432007775562,781.580871087998,151.67837,1
10,Dipterocarpus_Forest,Protected_Area,6.287091754,0.04,157.17729385,1.26100156517892,0.635,24.5229688730914,778.994836355922,151.494742400001,1
11,Dipterocarpus_Forest,Protected_Area,5.809528794,0.04,145.23821985,1.58327550524587,0.755,24.4220632316602,782.617123543705,152.009243815965,1
12,Dipterocarpus_Forest,Protected_Area,4.115344983,0.04,102.883624575,1.26585675187274,0.698224852071006,24.4480138223695,781.574607724125,151.735073391568,1
13,Dipterocarpus_Forest,Protected_Area,4.441651015,0.04,111.041275375,1.20333204069947,0.602076124567474,24.4212020048239,782.571167285942,151.78850583177,1
14,Dipterocarpus_Forest,Protected_Area,5.937279677,0.04,148.431991925,1.65934768437101,0.772108843537415,24.3141349410013,786.612718184258,152.358594242694,1
15,Dipterocarpus_Forest,Protected_Area,7.217287081,0.04,180.432177025,1.62882909727003,0.74234693877551,24.2993974807221,786.832263166608,152.240203996288,1
16,Dipterocarpus_Forest,Protected_Area,6.813090032,0.04,170.3272508,1.35923670066501,0.68,24.3438549612506,784.940296443212,152.136961452259,1
17,Dipterocarpus_Forest,Protected_Area,6.514097092,0.04,162.8524273,1.20333204069947,0.602076124567474,24.4239115169619,781.332059182631,151.491361605782,1
18,Dipterocarpus_Forest,Protected_Area,9.48514355,0.04,237.12858875,2.05951483286006,0.836805555555556,24.4878845593245,778.477892799989,150.979930779135,1
19,Dipterocarpus_Forest,Protected_Area,9.960376379,0.04,249.009409475,1.63263092715435,0.777777777777778,24.5925820074051,774.904705599988,150.43228937956,1
20,Dipterocarpus_Forest,Protected_Area,5.981964452,0.04,149.5491113,1.75824285971655,0.802768166089965,24.4570859277385,780.635564248479,151.052656057143,1
21,Dipterocarpus_Forest,Protected_Area,5.778990467,0.04,144.474761675,1.51986938350792,0.763705103969754,24.3245460022748,786.614143999994,152.4970832,1
22,Dipterocarpus_Forest,Protected_Area,6.013562134,0.04,150.33905335,1.33040739324364,0.690972222222222,24.4311279364234,782.21873599999,151.9743008,1
23,Dipterocarpus_Forest,Protected_Area,9.223415114,0.04,230.58537785,1.74854715517468,0.771604938271605,24.5153281112358,779.339940799997,151.357056799998,1
24,Dipterocarpus_Forest,Protected_Area,6.461809736,0.04,161.5452434,1.15310711744537,0.569444444444444,24.4211484674967,782.395457599992,151.533406399997,1
25,Dipterocarpus_Forest,Protected_Area,7.617606191,0.04,190.440154775,1.28276991066923,0.58,24.5258288074977,778.95283423999,151.023739039997,1
26,Dry_Forest,Protected_Area,1.513783238,0.04,37.84458095,0,0,25.9819070811196,743.306521279991,146,1
27,Dry_Forest,Protected_Area,2.505629867,0.04,62.640746675,0.950270539233235,0.56,25.936338567164,743.945974399996,146,1
28,Dry_Forest,Protected_Area,18.772527202,0.04,469.31318005,0.693147180559945,0.5,25.8857023255853,744.661867999997,146,1
29,Dry_Forest,Protected_Area,13.176461142,0.04,329.41152855,1.49417513828931,0.75,25.7962731211207,746.400916480017,146.051429120002,1
30,Dry_Forest,Protected_Area,3.289199372,0.04,82.2299843,0.450561208866305,0.277777777777778,25.7380772227193,747.564459520015,146.080414880002,1
31,Dry_Forest,Protected_Area,11.583390286,0.04,289.58475715,1.09861228866811,0.666666666666667,25.6307137735714,750.225266560027,146.292016640003,1
32,Dry_Forest,Protected_Area,9.992823991,0.04,249.820599775,0,1,25.5302997602059,752.953356800024,146.672400000003,1
33,Dry_Forest,Protected_Area,11.985590082,0.04,299.63975205,0,0,25.4623426290083,755.122371200019,146.950800000002,1
34,Dry_Forest,Protected_Area,8.826329871,0.04,220.658246775,1.03972077083992,0.625,25.3987020772255,757.341621440032,147.208800000004,1
35,Dry_Forest,Protected_Area,14.476180693,0.04,361.904517325,1.09861228866811,0.666666666666667,25.4397694919498,756.117585599998,147.0441976,1
36,Dry_Forest,Protected_Area,24.417176034,0.04,610.42940085,0.900256051268537,0.53125,25.5120939730881,754.112799999996,146.816,1
37,Dry_Forest,Protected_Area,10.258224467,0.04,256.455611675,0.955699891112534,0.571428571428571,25.571411298911,752.502399999995,146.6336,1
38,Dry_Forest,Protected_Area,13.23686405,0.04,330.92160125,1.03972077083992,0.625,25.5785655689623,752.206355200028,146.586588800003,1
39,Dry_Forest,Protected_Area,9.002157804,0.04,225.0539451,1.79175946922805,0.833333333333333,25.6442858782854,750.375473920015,146.400068480002,1
40,Dry_Forest,Protected_Area,8.859313077,0.04,221.482826925,0.636514168294813,0.444444444444444,25.7690148477101,747.276459520015,146.153914880001,1
41,Dry_Forest,Protected_Area,20.430098883,0.04,510.752472075,0.636514168294813,0.444444444444444,25.6975863202971,748.363375360023,146.097743840003,1
42,Dry_Forest,Protected_Area,18.277023077,0.04,456.925576925,1.15374194270109,0.612244897959184,25.6491563356435,749.305678400014,146.198400000002,1
43,Dry_Forest,Protected_Area,25.663007103,0.04,641.575177575,0,0,25.5809633392593,750.649051520022,146.466000000002,1
44,Dry_Forest,Protected_Area,14.500530921,0.04,362.513273025,0.693147180559945,0.5,25.5237076130384,751.794534080027,146.690400000003,1
45,Dry_Forest,Protected_Area,21.47772285,0.04,536.94307125,0.693147180559945,0.5,25.5190875562813,751.541091200017,146.701200000002,1
46,Dry_Forest,Protected_Area,18.600060461,0.04,465.001511525,1.242453324894,0.666666666666667,25.5577131966602,750.765367040011,146.638741760001,1
47,Dry_Forest,Protected_Area,14.871207224,0.04,371.7801806,0.636514168294813,0.444444444444444,25.6263540344908,749.509879040011,146.485969760001,1
48,Dry_Forest,Protected_Area,17.984033251,0.04,449.600831275,1.242453324894,0.666666666666667,25.5148944670806,751.55291072001,146.770527680001,1
49,Dry_Forest,Protected_Area,19.587366571,0.04,489.684164275,0.636514168294813,0.444444444444444,25.5362958313695,751.020736000009,146.751027200001,1
50,Dry_Forest,Protected_Area,22.388304791,0.04,559.707619775,0.693147180559945,0.5,25.6503640704863,748.747364480017,146.453741120002,1
51,Dry_Hill_Forest,Protected_Area,13.288297627,0.04,332.207440675,1.38629436111989,0.75,20.8103518109944,1053.97066720001,204.182644000002,1.85414960000013
52,Dry_Hill_Forest,Protected_Area,2.292340991,0.04,57.308524775,1.09448855269303,0.663923182441701,20.8287264179573,1049.28182176003,203.235455200006,1.7799636800004
53,Dry_Hill_Forest,Protected_Area,6.19558656,0.04,154.889664,1.2406842919534,0.677685950413223,20.6991226787607,1064.49368512002,205.981542400005,1.87639616000051
54,Dry_Hill_Forest,Protected_Area,5.086862115,0.04,127.171552875,0.693147180559945,0.5,20.6301270652737,1075.42288000003,208.066000000006,1.99064000000023
55,Dry_Hill_Forest,Protected_Area,4.624467715,0.04,115.611692875,0.693147180559945,0.5,20.8458260511604,1046.80044080001,202.581723040003,1.70280000000026
56,Dry_Hill_Forest,Protected_Area,2.631299304,0.04,65.7824826,0.348832095843032,0.197530864197531,21.1538300320507,1009.96325120007,195.690626560012,1.41120000000045
57,Dry_Hill_Forest,Protected_Area,7.307400262,0.04,182.68500655,1.26374067933281,0.703125,21.2734166992948,994.334808320086,192.931330816016,1.31712000000059
58,Dry_Hill_Forest,Protected_Area,2.36358801,0.04,59.08970025,1.74425098539243,0.779149519890261,21.5553722371139,960.413655200158,186.739041760028,1.10040000000095
59,Dry_Hill_Forest,Protected_Area,3.735834571,0.04,93.395864275,2.36073609027386,0.89196675900277,21.8391744971098,928.028898080052,180.66154288001,1
60,Dry_Hill_Forest,Protected_Area,5.481013196,0.04,137.0253299,1.33997873981343,0.659729448491155,21.7643952487561,937.245320000035,182.443720000007,1
61,Dry_Hill_Forest,Protected_Area,4.780258426,0.04,119.50646065,0.823959216501082,0.486111111111111,21.7042756466056,944.372041600188,183.820522880034,1.00320000000087
62,Dry_Hill_Forest,Protected_Area,2.833922884,0.04,70.8480721,1.03972077083992,0.625,20.8915752913909,1052.78346511994,204.25521183999,1.91206863999977
63,Dry_Hill_Forest,Protected_Area,4.188938028,0.04,104.7234507,0,0,20.8667472433837,1055.15460319998,204.668982399996,1.9296303999999
64,Dry_Hill_Forest,Protected_Area,20.171597294,0.04,504.28993235,1.05492016798614,0.64,20.8462307410759,1056.89557759997,204.959123199996,1.93678719999994
65,Dry_Hill_Forest,Protected_Area,7.43418469,0.04,185.85461725,0.867563228481461,0.5,20.8201469448524,1059.46777087997,205.412940159996,1.95622335999993
66,Dry_Hill_Forest,Protected_Area,13.582249415,0.04,339.556235375,0.867563228481461,0.5,20.7627294951669,1064.67348559999,206.303579199999,1.98146319999995
67,Dry_Hill_Forest,Protected_Area,27.110161219,0.04,677.754030475,1.01140426470735,0.611111111111111,20.7423142438039,1066.43674399993,206.599407999988,1.98656799999987
68,Dry_Hill_Forest,Protected_Area,5.238328931,0.04,130.958223275,0.679193265991526,0.486111111111111,20.7182299453774,1068.68388607994,206.987906559989,1.99691775999991
69,Dry_Hill_Forest,Protected_Area,7.826264316,0.04,195.6566079,0.693147180559945,0.5,20.6976893429642,1070.39294143996,207.270062079994,1.99874367999998
70,Dry_Hill_Forest,Protected_Area,4.158382767,0.04,103.959569175,0.636514168294813,0.444444444444444,20.6859773539734,1070.84921919999,207.317583999998,1.98978559999994
77,Dry_Mixed_Deciduous_Forest,Protected_Area,1.979312306,0.04,49.48280765,0.661563238157982,0.46875,22.7059367038694,893.731199999955,174.90620127999,1
78,Dry_Mixed_Deciduous_Forest,Protected_Area,2.661368662,0.04,66.53421655,2.06877989040605,0.847222222222222,22.3122769450616,925.222510719742,180.981677439952,1.2055999999978
79,Dry_Mixed_Deciduous_Forest,Protected_Area,3.034265628,0.04,75.8566407,2.05846106236993,0.857142857142857,22.2626318598874,931.545565119654,182.229106239936,1.2307999999973
80,Dry_Mixed_Deciduous_Forest,Protected_Area,2.00149619,0.04,50.03740475,2.34090267910622,0.872969596001666,22.4222179696356,918.404798079804,179.839980159964,1.11679999999853
81,Dry_Mixed_Deciduous_Forest,Protected_Area,2.278197261,0.04,56.954931525,1.62555028327722,0.734375,22.5920191228476,903.628067839702,177.082344639945,1.02096351999794
82,Dry_Mixed_Deciduous_Forest,Protected_Area,1.375999141,0.04,34.399978525,1.96869320850494,0.822222222222222,22.7937111974709,888.671833279958,173.91611663999,1
83,Dry_Mixed_Deciduous_Forest,Protected_Area,1.78474603,0.04,44.61865075,1.29043365352889,0.579861111111111,23.2084680052481,860.38698368006,167.546691840014,1
84,Dry_Mixed_Deciduous_Forest,Protected_Area,3.234769101,0.04,80.869227525,1.81671754265109,0.755198487712665,22.8376209300203,884.370751999929,172.906911999988,1
85,Dry_Mixed_Deciduous_Forest,Protected_Area,2.109340424,0.04,52.7335106,1.94769671474893,0.790204081632653,22.5513484174393,906.844436479927,177.495162879987,1
86,Dry_Mixed_Deciduous_Forest,Protected_Area,2.755668962,0.04,68.89172405,2.05051503211449,0.854591836734694,22.1379780817814,940.842886399788,184.115814399959,1.0542592000001
87,Dry_Mixed_Deciduous_Forest,Protected_Area,6.183560294,0.04,154.58900735,1.90022561488552,0.83,22.0226152665653,948.380288000005,185.486128000001,1
88,Dry_Mixed_Deciduous_Forest,Protected_Area,3.687377474,0.04,92.18443685,2.03595165673417,0.815948736205055,22.3098399152746,923.536656319978,180.409433919996,1
89,Dry_Mixed_Deciduous_Forest,Protected_Area,2.048080702,0.04,51.20201755,1.95598384658436,0.820987654320988,22.4323956342666,911.446997119891,177.957118719977,1
90,Dry_Mixed_Deciduous_Forest,Protected_Area,2.201431302,0.04,55.03578255,2.17761572521185,0.875346260387812,22.6736924254547,890.483064319936,173.687681919986,1
91,Dry_Mixed_Deciduous_Forest,Protected_Area,4.436171646,0.04,110.90429115,1.93614700983095,0.8096,23.2339482092172,847.8674436799,164.581466079977,1
92,Dry_Mixed_Deciduous_Forest,Protected_Area,4.025534282,0.04,100.63835705,2.16815523601597,0.87037037037037,23.4242318447251,837.746693119913,162.12249471998,1
93,Dry_Mixed_Deciduous_Forest,Protected_Area,6.71141781,0.04,167.78544525,1.49417513828931,0.75,23.739957737612,819.242417599933,157.814702399989,1
94,Dry_Mixed_Deciduous_Forest,Protected_Area,3.395063164,0.04,84.8765791,2.10556124211643,0.842249657064472,23.7528710407909,819.797155039967,158.207412959994,1
95,Dry_Mixed_Deciduous_Forest,Protected_Area,3.814504872,0.04,95.3626218,1.99134641341099,0.853333333333333,23.8878535449843,812.221021759966,156.734370239993,1
96,Dry_Mixed_Deciduous_Forest,Protected_Area,3.393225101,0.04,84.830627525,1.93380999892063,0.835555555555556,23.8836391282104,813.802668799996,157.321891199999,1
97,Dry_Mixed_Deciduous_Forest,Protected_Area,2.485521502,0.04,62.13803755,1.77213938843753,0.76530612244898,23.8488232349215,817.445810240082,158.297597760017,1
98,Dry_Mixed_Deciduous_Forest,Protected_Area,4.43970837,0.04,110.99270925,1.74897075077131,0.8,23.8629950728974,816.642236000161,158.020764000035,1
99,Dry_Mixed_Deciduous_Forest,Protected_Area,3.86617182,0.04,96.6542955,1.73286795139986,0.8125,24.00842542122,808.471334400142,156.468800000022,1
100,Dry_Mixed_Deciduous_Forest,Protected_Area,5.827014423,0.04,145.675360575,1.33217904021012,0.72,23.8852780662574,817.546511040108,158.45782208002,1
101,Moist_Mixed_Deciduous_Forest,Reserve,17.876154686,0.25,71.504618744,1.56650197307628,0.717687074829932,24.8955251749069,1247.08200000003,228.084192320007,2
102,Moist_Mixed_Deciduous_Forest,Reserve,38.39799946,0.25,153.59199784,1.99150936135661,0.85207100591716,24.8537296701411,1243.24800000005,227.124224000013,2
103,Moist_Mixed_Deciduous_Forest,Reserve,29.02852632,0.25,116.11410528,2.31957499667359,0.885,24.9363671236287,1259.23485407992,230.67679999998,2
104,Moist_Mixed_Deciduous_Forest,Reserve,28.08541585,0.25,112.3416634,2.22002532783454,0.8828125,24.9259468698935,1257.49242287994,230.208799999985,2
105,Moist_Mixed_Deciduous_Forest,Reserve,13.244724515,0.25,52.97889806,1.77050788910989,0.7776,24.9883785884438,1274.47204319995,235.020807199988,2
106,Moist_Mixed_Deciduous_Forest,Reserve,27.65356193,0.25,110.61424772,2.05985823261515,0.847107438016529,24.9838069233301,1273.21894367996,234.677557279991,2
107,Moist_Mixed_Deciduous_Forest,Reserve,15.467517012,0.25,61.870068048,1.54400914321672,0.710775047258979,25.0191332201162,1292.52850176,238.97061696,2
108,Moist_Mixed_Deciduous_Forest,Reserve,29.61637961,0.25,118.46551844,2.09472904752765,0.861111111111111,25.0137886054879,1291.72409856,238.795349760001,2
109,Moist_Mixed_Deciduous_Forest,Reserve,24.18825136,0.25,96.75300544,2.18732231884925,0.875,25.0044371570639,1295.53424128002,239.375413760004,2
110,Moist_Mixed_Deciduous_Forest,Reserve,22.73640463,0.25,90.94561852,2.21610224809126,0.882716049382716,25.0240167864005,1298.33410815999,240.102302719998,2
111,Moist_Mixed_Deciduous_Forest,Reserve,9.66008352,0.25,38.64033408,1.69574253416963,0.8,25.1389007246885,1030.37824000001,165.561223225603,1
112,Moist_Mixed_Deciduous_Forest,Reserve,9.649798839,0.25,38.599195356,2.13524025752672,0.845679012345679,24.8809472204797,996.610999609587,157.281891372797,1
113,Moist_Mixed_Deciduous_Forest,Reserve,24.33985223,0.25,97.35940892,2.43079132887823,0.906666666666667,24.8588963268706,989.856937279986,155.996439999998,1
114,Moist_Mixed_Deciduous_Forest,Reserve,20.83925382,0.25,83.35701528,2.13833305950803,0.875,24.869665752571,983.123095084819,155.463636723204,1
115,Moist_Mixed_Deciduous_Forest,Reserve,17.43284992,0.25,69.73139968,2.52997646182267,0.892857142857143,24.7464775823338,964.198985728013,152.441800000002,1
116,Moist_Mixed_Deciduous_Forest,Unclassifed_Forest,6.406337805,0.25,25.62535122,0.636514168294813,0.444444444444444,25.7458542651598,1294.78909014081,240.441200000005,2
117,Moist_Mixed_Deciduous_Forest,Unclassifed_Forest,5.5438238,0.25,22.1752952,1.09861228866811,0.666666666666667,25.7478402579547,1295.64926096963,240.85184000001,2
119,Moist_Mixed_Deciduous_Forest,Unclassifed_Forest,8.397355336,0.25,33.589421344,1.79175946922805,0.833333333333333,25.7464392728894,1294.87555037602,240.271280000008,2
